06 01
03 02
28 01
24 01
45 01 
44 01
43 01
51 02
49 01
47 01
51 02
57 02
67 02
66 02
65 01
64 01
63 01
73 01
70 02
69 02
68 02
74 01
83 02
82 02
86 02
85 02
83 02
82 02
04 04
19 04
39 03
42 03
59 04
58 04
65 03
63 04
75 04
81 04
79 03
86 03
05 05
05 06
04 05
03 06
01 06
39 03
42 03
59 04
58 04
65 03
63 04
79 03
86 03
05 05
05 06
04 05
03 06
01 06
10 05
09 05
44 05
51 06
50 06
49 06
48 06
56 05 
53 05
52 05
52 06
51 06
59 05
57 06
65 06
73 05
71 06
08 07
08 08
27 08
40 08
39 08
45 07
44 07
43 07
41 07
41 08
40 08
50 07
60 07
57 08
73 07
72 07
82 07
02 09
02 10
01 09
15 10
28 10
25 09
34 09
29 10
73 10
73 10
82 10
80 09
86 10
85 10
03 11
02 11
09 11
23 12
22 12
21 12
20 12
27 11
26 11
25 11
25 12
24 11
31 11
23 09
32 10
83 10
81 10
04 12
10 11
37 11
57 12
67 12
78 11
80 11
79 11
85 11
12 14
17 13
16 13
15 13
13 14
24 13
30 14
43 14
49 14
48 13
55 13
58 13
05 16
02 16
01 16
11 15
09 15 
08 16
31 15
36 15
42 16
40 15
40 16
48 15
86 15
05 18
04 17
03 17
16 17
23 18
24 18
50 18
53 17
58 18
66 18
83 17
01 19
15 19
45 19
49 19
53 19
52 19