06 02
05 01
05 02
04 01
04 02
03 01
02 02
01 01
01 02
12 01
12 02
11 01
11 02
10 01
10 02
09 01
09 02
08 01
08 02
07 01
07 02
17 01
17 02
16 01 
16 02
15 01 
15 02
14 01 
14 02
13 02
12 02
12 01
23 01
23 02
22 01
22 02
21 01
21 02
20 01
20 02
19 01
19 02
18 01
18 02
28 02
27 01
27 02
26 01
26 02
25 01
25 02
24 02
34 01
34 02
33 01
33 02
32 01
32 02
31 02
30 01
30 02
29 01
29 02
40 01
40 02
39 01
39 02
38 01
38 02
37 01 
37 02
36 01
36 02
35 01
35 02
45 02
44 02
43 02
42 01
42 02
41 01
41 02
40 01
40 02
51 01
50 01
50 02
49 02
48 01
48 02
47 02
46 01
46 02
56 01
56 02
55 01
55 02
54 01 
54 02
53 01
53 02
52 01
51 01
62 01
62 02
61 01
60 01
60 02
59 01
59 02
58 01
57 01
67 01
66 01
63 02
62 01
62 02
73 02
72 02
71 02
70 01
69 01
68 01
78 01
78 02
77 01
77 02
76 02
75 01
75 02
74 02
84 01
84 02
83 01
81 01
81 02
80 02
79 01
79 02
84 01
84 02
06 03
06 04
05 03
04 03
03 03
03 04
02 03
02 04
01 03
12 03
12 04
11 03
10 03
10 04
09 03
08 03
08 04
07 03
07 04
17 03
17 04
16 03
16 04
15 03
15 04
14 03
14 04
13 03
13 04
12 03
12 04
23 03
22 03
22 04
21 03 
21 04
20 03
19 03
28 03
28 04
27 03
27 04
26 03
26 04
25 03
25 04
24 03
24 04
34 03
34 04
32 03
31 03
31 04
30 03
30 04
29 03
29 04
40 03
40 04
39 04
38 03
37 04
36 03
36 04
35 03
35 04
43 04
41 03
41 04
40 03
40 04
51 03
50 03
49 03
49 04
48 03
48 04
47 03
47 04
46 03
46 04
56 03
56 04
55 03
55 04
54 03
54 04
53 03
53 04
52 04
51 03
51 04
62 03
62 04
61 03
60 04
59 03
58 03
57 03
67 03
67 04
66 03
68 04
81 03
80 04
85 04
82 04
06 05
04 06
03 05
02 05
01 05
85 04
01 05
27 05
30 06
29 05
67 06
65 05
64 06
63 05
62 05
72 05
70 05
68 05
68 06
75 05
84 06
82 06
85 05
84 06
82 05
82 06
06 07
05 08
04 08
12 07
11 08
10 07
20 07
25 08
24 08
34 08
48 07
57 07
66 07
64 07
73 08
71 08
70 08
69 08
68 08
78 08
77 08
75 08
81 08
80 08
85 08
84 07
84 08
83 07
82 08
05 10
04 09
04 10
03 09
03 10
12 09
11 10
10 10
08 09
08 10
07 09
17 10
16 10
13 10
26 09
33 09
31 09
30 09
29 09
36 10
42 10
40 10
50 09
54 10
51 09
59 10
58 09
57 10
67 09
66 10
65 10
64 10
72 10
70 10
78 10
75 10
73 09
86 09
06 11
05 11
05 12
03 12
02 12
09 12
23 11
21 11
19 12
33 11
33 12
32 12
30 12
29 11
29 12
39 11
38 11
38 12
36 12
35 12
44 11
44 12
42 11
42 12
40 12
51 12
50 12
48 12
47 12
56 11
31 13
37 14
36 13
35 14
40 14
53 14
59 13
80 13
86 14
85 13
06 15
04 15
02 15
51 16
64 15
63 15
63 16
62 15
70 15
70 16
69 15
69 16
68 15
68 16
75 15
75 16
74 15
83 15
81 15
81 16
80 16
79 16
84 15
84 16
83 15
83 16
03 18
12 18
11 17
11 18
10 18
09 17
09 18
17 17
16 18
14 17
13 17
13 18
22 17
25 18
34 18
33 17
33 18
29 18
39 18
38 17
38 18
37 17
36 18
57 17
73 18
69 17
69 18
68 17
68 18
86 18
85 17
83 18
82 17
78 17
76 17
76 18
75 17
75 18
74 17 
74 18
82 17
81 17
81 18
80 17
06 19
02 19
10 19
09 19
17 19
16 19
14 19
13 19
21 19
20 19
19 19
18 19
26 19
24 19
34 19
33 19
32 19
31 19
42 19
51 19
50 19
60 19
57 19
65 19
63 19
62 19
73 19
72 19
71 19
70 19
69 19
78 19
76 19
75 19
74 19
84 19
83 19
82 19
81 19
80 19
79 19
86 19
85 19
84 19
83 19
82 19
02 01
13 01
31 01
52 02
61 02
64 02
72 01
71 01
76 01
80 01
83 01
05 04
11 04
23 04
33 03
33 04
37 03
45 03
44 03
43 03
51 04
50 04
52 03
61 04
60 03
57 04
66 04
65 04
64 03
64 04
63 03
62 03
62 04
73 03
73 04
72 03
71 03
71 04
70 04
69 03
69 04
68 03
78 03
78 04
77 03
77 04
76 03
76 04
75 03
74 03
74 04
84 03
84 04
83 03
83 04
82 03
82 04
80 03
79 04
86 04
84 03
84 04
83 03
83 04
82 03
06 06
02 06
12 03
12 04
11 03
11 04
10 03
10 04
09 03
08 03
08 04
07 03
07 04
17 03
17 04
16 03
16 04
15 03
15 04
14 03
14 04
13 03
13 04
12 03
12 04
23 03
23 04
22 03
22 04
21 03
21 04
20 03
19 03
28 03
28 04
27 03
27 04
26 03
26 04
25 03
25 04
24 03
24 04
34 03
34 04
33 03
33 04
32 03
31 03
31 04
30 03
30 04
29 03
29 04
40 03
40 04
39 04
38 03
37 03
37 04
36 03
36 04
35 03
35 04
45 03
44 03
43 03
43 04
41 03
41 04
40 03
40 04
51 03
51 04
50 03
50 04
49 03
49 04
48 03
48 04
47 03
47 04
46 03
46 04
56 03
56 04
55 03
55 04
54 03
54 04
53 03
53 04
52 03
52 04
51 03
51 04
62 03
62 04
61 03
61 04
60 03
60 04
59 03
58 03
57 03
57 04
67 03
67 04
66 03
66 04
65 04
64 03
64 04
63 03
62 03
62 04
73 03
73 04
72 03
71 03
71 04
70 04
69 03
69 04
68 03
68 04
78 03
78 04
77 03
77 04
76 03
76 04
75 03
74 03
74 04
84 03
84 04
83 03
83 04
82 03
82 04
81 03
80 03
80 04
79 04
86 04
84 03
84 04
83 03
83 04
82 03
82 04
06 05
06 06
04 06
03 05
02 05
02 06
12 05
12 06
11 06
10 06
09 06
08 05
08 06
07 05
17 05
17 06
16 05
16 06
15 05
15 06
14 05
14 06
13 06
12 05
23 05
23 06
22 05
22 06
21 05
21 06
20 06
19 06
18 05
18 06
28 05
28 06
27 06
26 05
26 06
25 05
25 06
24 05
24 06
34 05
34 06
33 05
32 05
32 06
31 05
30 05
29 06
40 05
40 06
39 05
39 06
38 05
38 06
37 05
37 06
36 05
36 06
35 05
35 06
45 06
44 06
43 05
43 06
42 05
42 06
41 05
41 06
40 05
40 06
51 05
50 05
49 05
48 05
47 05
47 06
46 05
46 06
56 06
55 06
54 06
53 06
51 05
62 05
61 05
61 06
60 05
60 06
59 06
58 05
58 06
57 05
67 05
66 05
66 06
64 05
63 06
73 06
72 06
71 05
70 06
69 05
69 06
78 05
78 06
77 05
76 05
76 06
75 06
74 05
74 06
84 05
83 05
83 06
82 05
81 05
81 06
80 05
80 06
79 05
79 06
86 05
86 06
85 06
84 05
83 05
83 06
06 08
05 07
04 07
03 07
03 08
12 08
11 07
10 08
09 07
09 08
07 07
17 07
17 08
16 07
16 08
15 07
15 08
14 07
14 08
13 07
13 08
23 07
23 08
22 07
22 08
21 07
21 08
20 08
19 07
19 08
18 07
18 08
28 07
28 08
27 07
26 07
26 08
25 07
24 07
34 07
33 07
33 08
32 07
31 07
31 08
30 07
30 08
29 07
29 08
39 07
38 07
38 08
37 07
37 08
36 07
35 07
35 08
45 08
44 08
43 08
42 07
51 07
51 08
50 08
49 07
49 08
48 08
47 07
47 08
46 07
46 08
56 07
56 08
55 07
55 08
53 08
52 07
51 07
51 08
62 07
62 08
61 07
61 08
60 08
59 07
59 08
58 07
58 08
67 07
66 08
65 08
64 08
63 07
63 08
72 08
71 07
70 07
69 07
68 07
78 07
77 07
76 07
76 08
75 07
74 07
74 08
84 07
84 08
83 07
83 08
82 07
82 08
81 07
79 07
79 08
86 07
85 07
83 08
06 09
06 10
05 09
01 10
12 10
11 09
10 09
09 09
09 10
17 09
15 09
14 09
13 09
12 09
23 10
22 09
22 10
21 09
21 10
20 09
20 10
19 09
19 10
18 10
28 09
27 09
27 10
26 10
25 10
24 09
24 10
32 09
31 10
30 10
39 09
39 10
38 09
38 10
37 09
37 10
36 09
35 09
35 10
45 09
45 10
44 09
44 10
43 09
43 10
42 09
41 09
41 10
40 09
50 10
49 09
49 10
48 10
47 09
47 10
46 10
56 09
56 10
55 09
55 10
54 09
53 10
52 10
62 09
62 10
61 09
61 10
60 09
59 09
57 09
67 10
66 09
64 09
63 09
63 10
62 09
62 10
73 09
72 09
71 10
70 09
69 09
69 10
68 09
68 10
78 09
77 09
77 10
76 09
76 10
75 09
74 09
74 10
84 09
83 09
82 09
81 09
80 10
79 09
79 10
85 09
84 09
83 09
82 09
06 12
04 11
12 11
12 12
11 11
11 12
10 12
08 11
08 12
07 11
07 12
17 11
17 12
16 12
15 11
14 11
14 12
13 11
13 12
22 11
20 11
19 11
18 11
18 12
28 11
28 12
27 12
26 12
24 12
34 11
34 12
32 11
31 12
30 11
39 12
37 12
36 11
35 11
45 11
45 12
43 11
43 12
41 12
51 11
50 11
49 12
48 11
47 11
46 11
46 12
56 12
55 11
55 12
54 12
53 11
53 12
52 11
52 12
51 11
51 12
62 11
62 12
61 11
61 12
60 11
60 12
59 11
59 12
58 11
58 12
57 11
67 11
65 11
65 12
64 11
64 12
63 11
63 12
62 11
62 12
73 11
73 12
72 11
72 12
71 11
71 12
70 11
70 12
69 11
69 12
68 11
68 12
78 12
77 11
77 12
76 11
76 12
75 11
75 12
74 11
74 12
84 11
84 12
83 11
83 12
82 11
82 12
81 12
80 12
79 12
86 11
86 12
85 12
84 11
84 12
83 11
83 12
82 11
82 12
06 13
06 14
05 13
05 14
04 13
04 14
03 13
03 14
02 13
02 14
12 13
11 14
10 13
10 14
09 13
09 14
08 13
08 14
07 13
07 14
17 14
16 14
15 14
14 13
14 14
13 13
23 13
23 14
22 14
21 13
21 14
20 13
20 14
19 13
19 14
18 13
18 14
28 13
28 14
27 13
27 14
26 13
26 14
25 13
25 14
24 14
34 14
33 13
33 14
32 13
31 14
30 13
29 13
29 14
39 13
39 14
38 14
37 13
36 14
35 13
45 15
45 14
44 13
44 14
43 13
42 13
42 14
41 13
41 14
40 13
51 13
51 14
50 13
50 14
49 13
48 14
47 13
47 14
56 13
56 14
54 13
54 14
53 13
52 13
52 14
51 13
62 13
62 14
61 13
61 14
60 14
59 14
58 14
57 13
57 14
67 13
67 14
66 13
66 14
65 14
64 13
63 13
63 14
62 13
62 14
73 13
72 13
72 14
71 13
71 14
70 13
70 14
69 13
69 14
68 13
68 14
78 13
78 14
77 13
77 14
76 13
76 14
75 13
75 14
74 13
74 14
84 13
84 14
83 13
82 13
82 14
81 13
81 14
80 14
79 13
86 13
85 14
84 13
84 14
83 13
82 13
82 14
05 15
04 16
03 15
03 16
01 15
12 15
12 16
11 16
10 15
10 16
09 16
08 15
07 15
17 15
17 16
16 15
16 16
15 15
15 16
14 15
14 16
13 15
13 16
23 15
23 16
22 15
22 16
21 15
21 16
20 15
20 16
19 15
19 16
18 15
18 16
28 15
28 16
27 15
27 16
26 15
26 16
25 15
25 16
24 16
34 16
33 16
32 15
32 16
31 16
30 15
30 16
29 15
29 16
39 15
39 16
38 15
38 16
37 15
37 16
36 16
35 15
44 15
43 15
43 16
42 15
41 15
41 16
51 15
50 15
50 16
49 15
49 16
48 16
47 16
46 15
46 16
56 15
56 16
55 15
55 16
54 15
54 16
53 15
53 16
52 15
52 16
51 15
51 16
62 15
62 16
61 15
61 16
60 16
59 15
58 15
58 16
57 15
57 16
67 15
67 16
66 15
66 16
65 15
65 16
64 16
62 16
73 15
73 16
72 15
72 16
71 15
71 16
78 15
78 16
77 15
77 16
76 15
76 16
74 16
84 15
84 16
83 16
82 15
80 15
79 15
86 16
85 15
85 16
82 15
06 17
06 18
05 17
04 18
02 17
01 17
01 18
12 17
10 17
08 17
15 17
15 18
14 18
12 17
23 17
22 18
21 17
21 18
20 17
20 18
19 17
19 18
18 17
18 18
28 17
28 18
27 17
27 18
26 17
26 18
25 17
24 17
34 17
32 17
32 18
31 17
31 18
30 17
29 17
39 17
37 18
36 17
35 17
35 18
45 17
45 18
44 17
44 18
43 17
43 18
42 18
41 17
41 18
40 17
40 18
51 17
51 18
50 17
49 17
48 17
48 18
47 17
47 18
46 17
46 18
56 17
55 18
54 17
54 18
52 17
52 18
51 17
51 18
62 17
61 18
60 18
59 17
58 17
57 18
67 17
67 18
66 17
65 18
64 18
63 17
63 18
62 17
62 18
73 17
72 17
72 18
71 17
71 18
70 17
70 18
86 17
84 18
78 18
77 17
77 18
84 18
83 18
80 18
79 17
79 18
05 19
04 19
12 19
11 19
08 19
12 19
22 19
28 19
27 19
25 19
30 19
29 19
39 19
38 19
37 19
36 19
35 19
44 19
43 19
41 19
40 19
48 19
47 19
56 19
55 19
51 19
62 19
61 19
59 19
58 19
67 19
66 19
64 19
65 02
82 01
86 01
85 01
82 01
01 04
09 04
18 03
32 04
38 04
45 04
44 04
42 04
72 04
70 03
85 03
09 04
19 04
18 03
32 04
38 04
45 04
44 04
42 04
72 04
70 03
75 04
81 04
85 03
11 05
07 06
13 05
20 05
19 05
33 06
31 06
45 05
56 05
55 05
54 05
62 06
77 06
02 07
02 08
01 07
01 08
07 08
32 08
40 07
36 08
42 08
40 07
54 07
54 08
53 07
52 08
67 08
80 07
86 08
07 10 
16 09
14 10
12 10
18 09
34 10
33 10
51 09
51 10
48 09
46 09
53 09
52 09
51 10
60 10
58 10
65 09
71 09
84 10
01 11
01 12
16 11
15 12
12 11
12 12
41 11
40 11
49 11
54 11
66 11
66 12
81 11
01 13
01 14
11 13
12 13
22 13
34 13
32 14
38 13
46 13
46 14
55 14
51 14
60 13
65 13
64 14
73 14
83 14
79 14
83 14
06 16
07 16
12 15
12 16
34 15
33 15
35 16
45 15
45 16
44 16
47 15
60 15
59 16
82 16
02 18
08 18
07 17
07 18
17 18
12 18
30 18
42 17
49 18
55 17
53 18
62 18
61 17
60 17
59 18
65 17
64 17
84 17
82 18
84 17
03 19
07 19
23 19
46 19
54 19
68 19
77 19